3.5777
4.8680
5.7830
4.5865
3.9648
5.2551
4.3754
3.6012
4.6569
5.3490
4.4106
4.0352
3.5777
4.3402
3.8827
5.1144
3.5777
4.8680
5.7830
4.5865
3.9648
5.2551
4.3754
3.6833
4.3754
5.1261
4.4692
4.4457
3.8006
4.5982
4.9736
3.6246
4.3871
4.3402
3.6950
4.9267
4.5044
4.0235
5.0792
3.9883
4.3754
5.1026
5.6891
4.4927
5.5836
4.3050
3.8475
3.9531
3.8475
5.2082
4.9501
3.6716
3.4604
4.3636
4.9971
4.4692
3.7302
3.6129
3.9883
3.5777
4.6686
4.4692
4.4692
4.3519
4.1760
3.6364
5.0088
5.1730
4.7155
4.4927
3.6129
3.8475
4.1056
4.3636
4.9267
3.7067
5.3021
3.8123
3.6246
3.6598
4.7273
3.7185
4.5630
3.5308
5.3490
4.8211
3.6598
3.5660
3.6012
4.0352
4.7273
3.8123
5.1144
6.2053
5.8534
4.0587
4.1408
4.8094
5.8768
4.0704
4.5630
5.0909
4.5865
3.6246
5.1848
4.4106
4.3519
3.5425
3.6012
3.6129
4.9150
4.3402
4.3988
5.1378
4.1525
4.2581
3.9765
3.8710
3.6012
3.6716
3.8240
4.2581
4.6921
4.1173
4.0352
5.2551
5.3021
4.2815
3.4487
3.9413
4.3284
5.7361
4.2111
4.5044
3.5660
4.7742
4.1760
3.5660
4.8798
3.6950
5.1144
4.8798
4.7625
5.1613
5.2786
4.1173
4.7390
4.4692
5.1496
3.7537
3.5777
5.1496
3.5894
4.8094
5.0557
4.2933
3.5660
4.0938
5.1261
4.3519
4.9736
4.6804
4.7155
