0.2933
0.2698
0.2933
0.2698
0.2815
0.2815
0.2698
0.3167
0.3284
0.3167
0.3050
0.3050
0.3284
0.3167
0.3050
0.3050
0.3167
0.3519
0.3167
0.3519
0.2815
0.3050
0.2933
0.3167
0.2933
0.3050
0.2815
0.2933
0.2698
0.3167
0.2581
0.3050
0.2815
0.3050
0.2698
0.3050
0.2815
0.3050
0.2698
0.3050
0.3167
0.3871
0.2933
0.3284
0.3167
0.3050
0.2933
0.3284
0.3167
0.2933
0.3284
0.3050
0.3167
0.2698
0.2698
0.2698
0.2698
0.2698
0.2815
0.2698
0.2815
0.2698
0.2815
0.2698
0.2815
0.2933
0.2698
0.2581
0.2815
0.2698
0.2698
