0.3988
0.3988
0.3636
0.3988
0.3754
0.3988
0.3754
0.3988
0.3988
0.4692
0.4223
0.4223
0.4223
0.4223
0.4223
0.4223
0.3988
0.3988
0.3636
0.3988
0.3754
0.3988
0.3754
0.3988
0.3988
0.4692
0.4223
0.4223
0.4223
0.4223
0.4223
0.4223
0.4223
0.4223
0.4223
0.4223
0.4106
0.4223
0.4340
0.3988
0.3871
0.3754
0.3636
0.3519
0.3871
0.3636
0.3636
0.3871
0.3988
0.4106
0.3988
0.3988
0.3871
0.3988
0.3871
0.3988
0.3871
0.3988
0.3988
0.4223
0.4223
0.4106
0.4223
0.4223
0.4340
0.4223
0.4223
0.4223
0.4575
0.4223
0.4457
0.3871
0.3871
0.3988
0.3754
0.3988
0.4340
0.4457
0.3988
0.3988
0.4106
0.3988
0.3988
0.3871
0.3519
0.3519
0.3754
0.3402
0.3871
0.3636
0.3636
