2.6158
2.6158
2.6393
2.6862
2.6510
2.5689
2.6276
2.5806
2.5806
2.5572
2.7918
2.7449
2.7331
2.7566
2.7097
2.6158
2.5455
2.5455
2.5455
2.5455
2.5455
2.6276
2.6745
2.7331
2.6158
2.6041
2.7097
2.7331
2.6041
2.5455
2.5455
2.5455
2.6628
2.7449
2.7683
2.7918
2.7449
2.7801
2.6979
2.6628
2.6862
2.7214
2.6745
2.6276
2.7449
2.7214
2.7683
2.7449
2.7331
2.6628
2.5924
2.7214
2.6393
2.6041
2.5924
2.5924
2.6276
2.5806
2.5806
2.5806
2.5689
2.5806
2.5689
2.6745
2.5689
2.5806
2.5806
2.5689
2.5572
2.5806
2.5924
2.5806
2.6276
2.6276
2.7449
2.6979
2.6041
2.5806
2.5806
2.5689
2.6393
2.5924
2.5455
2.5220
2.5455
2.5337
2.5103
2.5220
2.5220
2.5220
2.6510
2.5220
2.5103
